RMSE: 0.4222566326641297
MAE: 0.3413996994495392
