RMSE: 0.39220433446005354
MAE: 0.3104901611804962
